CloudletID,STATUS,DatacenterID,VMID,Time,Start Time,Finish Time
3,SUCCESS,3,3,1.01,0.2,1.21
1,SUCCESS,2,2,13.18,0.2,13.38
4,SUCCESS,2,2,0.11,13.38,13.49
2,SUCCESS,2,1,15.24,0.2,15.44
5,SUCCESS,2,1,0.11,15.44,15.55
6,SUCCESS,2,2,4.84,13.49,18.33
11,SUCCESS,2,1,25.4,15.55,40.95
10,SUCCESS,2,0,43.08,0.2,43.28
25,SUCCESS,2,1,6.52,40.95,47.47
29,SUCCESS,2,1,0.11,47.47,47.58
30,SUCCESS,2,1,0.11,47.58,47.69
36,SUCCESS,2,1,0.11,47.69,47.8
38,SUCCESS,2,1,0.11,47.8,47.91
39,SUCCESS,2,1,0.11,47.91,48.02
41,SUCCESS,2,1,0.11,48.02,48.13
47,SUCCESS,2,1,0.11,48.13,48.24
49,SUCCESS,2,1,0.11,48.24,48.35
50,SUCCESS,2,1,0.11,48.35,48.46
12,SUCCESS,2,0,11.17,43.28,54.45
13,SUCCESS,2,0,0.17,54.45,54.62
14,SUCCESS,2,0,0.18,54.62,54.8
20,SUCCESS,2,0,0.18,54.8,54.98
42,SUCCESS,2,0,0.16,54.98,55.14
51,SUCCESS,2,0,0.13,55.14,55.27
58,SUCCESS,2,1,7.45,48.46,55.91
62,SUCCESS,2,1,0.21,55.91,56.13
63,SUCCESS,2,1,0.22,56.13,56.35
64,SUCCESS,2,1,0.13,56.35,56.48
66,SUCCESS,2,1,0.21,56.48,56.69
67,SUCCESS,2,1,0.23,56.69,56.92
68,SUCCESS,2,1,0.2,56.92,57.12
72,SUCCESS,2,1,0.16,57.12,57.28
73,SUCCESS,2,1,0.18,57.28,57.45
74,SUCCESS,2,1,0.16,57.45,57.61
79,SUCCESS,2,1,0.19,57.61,57.8
80,SUCCESS,2,1,0.17,57.8,57.96
82,SUCCESS,2,1,0.16,57.96,58.13
86,SUCCESS,2,1,0.17,58.13,58.3
87,SUCCESS,2,1,0.18,58.3,58.48
90,SUCCESS,2,1,0.17,58.48,58.64
91,SUCCESS,2,1,0.18,58.64,58.82
94,SUCCESS,2,1,0.11,58.82,58.93
97,SUCCESS,2,1,0.17,58.93,59.11
98,SUCCESS,2,1,0.17,59.11,59.28
106,SUCCESS,2,1,0.14,59.28,59.42
110,SUCCESS,2,1,0.16,59.42,59.58
111,SUCCESS,2,1,0.17,59.58,59.75
7,SUCCESS,3,3,69.2,1.21,70.41
9,SUCCESS,2,2,72.67,18.33,91
16,SUCCESS,2,2,0.11,91,91.11
17,SUCCESS,2,2,0.11,91.11,91.22
18,SUCCESS,2,2,0.11,91.22,91.33
19,SUCCESS,2,2,0.12,91.33,91.45
21,SUCCESS,2,2,11.31,91.45,102.75
23,SUCCESS,2,2,0.12,102.75,102.87
26,SUCCESS,2,2,5.35,102.87,108.22
27,SUCCESS,2,2,0.11,108.22,108.33
31,SUCCESS,2,2,0.11,108.33,108.44
32,SUCCESS,2,2,0.11,108.44,108.55
33,SUCCESS,2,2,0.11,108.55,108.66
34,SUCCESS,2,2,0.11,108.66,108.77
35,SUCCESS,2,2,0.11,108.77,108.88
37,SUCCESS,2,2,0.11,108.88,108.99
40,SUCCESS,2,2,0.11,108.99,109.1
44,SUCCESS,2,2,0.11,109.1,109.21
45,SUCCESS,2,2,0.11,109.21,109.32
54,SUCCESS,2,2,0.11,109.32,109.43
55,SUCCESS,2,2,0.11,109.43,109.54
59,SUCCESS,2,2,0.15,109.54,109.7
60,SUCCESS,2,2,0.14,109.7,109.84
61,SUCCESS,2,2,0.14,109.84,109.98
65,SUCCESS,2,2,0.11,109.98,110.09
69,SUCCESS,2,2,0.11,110.09,110.2
75,SUCCESS,2,2,0.13,110.2,110.33
76,SUCCESS,2,2,0.11,110.33,110.44
81,SUCCESS,2,2,0.12,110.44,110.56
88,SUCCESS,2,2,0.12,110.56,110.69
89,SUCCESS,2,2,0.12,110.69,110.81
92,SUCCESS,2,2,0.12,110.81,110.93
96,SUCCESS,2,2,0.13,110.93,111.05
99,SUCCESS,2,2,0.12,111.05,111.18
103,SUCCESS,2,2,0.11,111.18,111.29
107,SUCCESS,2,2,0.11,111.29,111.4
108,SUCCESS,2,2,0.12,111.4,111.52
109,SUCCESS,2,2,0.12,111.52,111.65
118,SUCCESS,2,2,0.11,111.65,111.76
122,SUCCESS,2,2,0.12,111.76,111.87
123,SUCCESS,2,2,0.12,111.87,112
125,SUCCESS,2,2,0.12,112,112.12
127,SUCCESS,2,2,0.12,112.12,112.24
129,SUCCESS,2,2,0.12,112.24,112.36
130,SUCCESS,2,2,0.12,112.36,112.48
133,SUCCESS,2,2,0.12,112.48,112.6
138,SUCCESS,2,2,0.11,112.6,112.71
146,SUCCESS,2,2,0.11,112.71,112.83
149,SUCCESS,2,2,0.12,112.83,112.95
154,SUCCESS,2,2,0.11,112.95,113.06
155,SUCCESS,2,2,0.12,113.06,113.18
156,SUCCESS,2,2,0.11,113.18,113.29
157,SUCCESS,2,2,0.12,113.29,113.41
158,SUCCESS,2,2,0.11,113.41,113.53
160,SUCCESS,2,2,0.11,113.53,113.64
162,SUCCESS,2,2,0.11,113.64,113.75
163,SUCCESS,2,2,0.11,113.75,113.86
167,SUCCESS,2,2,0.12,113.86,113.98
169,SUCCESS,2,2,0.12,113.98,114.1
170,SUCCESS,2,2,0.11,114.1,114.21
172,SUCCESS,2,2,0.12,114.21,114.33
179,SUCCESS,2,2,0.13,114.33,114.46
180,SUCCESS,2,2,0.11,114.46,114.57
181,SUCCESS,2,2,0.12,114.57,114.69
187,SUCCESS,2,2,0.12,114.69,114.82
188,SUCCESS,2,2,0.11,114.82,114.93
191,SUCCESS,2,2,0.12,114.93,115.05
193,SUCCESS,2,2,0.12,115.05,115.18
194,SUCCESS,2,2,0.11,115.18,115.29
197,SUCCESS,2,2,0.12,115.29,115.41
200,SUCCESS,2,2,0.11,115.41,115.52
113,SUCCESS,2,1,67.25,59.75,127
114,SUCCESS,2,1,0.17,127,127.16
115,SUCCESS,2,1,0.17,127.16,127.33
119,SUCCESS,2,1,0.17,127.33,127.5
124,SUCCESS,2,1,0.16,127.5,127.66
131,SUCCESS,2,1,0.17,127.66,127.83
132,SUCCESS,2,1,0.16,127.83,128
135,SUCCESS,2,1,0.17,128,128.17
137,SUCCESS,2,1,0.17,128.17,128.34
140,SUCCESS,2,1,0.16,128.34,128.5
141,SUCCESS,2,1,0.17,128.5,128.67
143,SUCCESS,2,1,0.18,128.67,128.84
145,SUCCESS,2,1,0.17,128.84,129.01
147,SUCCESS,2,1,0.17,129.01,129.18
148,SUCCESS,2,1,0.16,129.18,129.34
150,SUCCESS,2,1,0.16,129.34,129.5
161,SUCCESS,2,1,0.19,129.5,129.68
164,SUCCESS,2,1,0.16,129.68,129.84
165,SUCCESS,2,1,0.17,129.84,130.01
173,SUCCESS,2,1,0.17,130.01,130.18
174,SUCCESS,2,1,0.16,130.18,130.34
175,SUCCESS,2,1,0.17,130.34,130.52
176,SUCCESS,2,1,0.16,130.52,130.68
178,SUCCESS,2,1,0.16,130.68,130.84
182,SUCCESS,2,1,0.16,130.84,131
186,SUCCESS,2,1,0.16,131,131.17
192,SUCCESS,2,1,0.16,131.17,131.32
196,SUCCESS,2,1,0.16,131.32,131.48
199,SUCCESS,2,1,0.17,131.48,131.65
8,SUCCESS,3,3,66.78,70.41,137.19
15,SUCCESS,3,3,0.11,137.19,137.3
22,SUCCESS,3,3,0.11,137.3,137.41
24,SUCCESS,3,3,0.11,137.41,137.52
28,SUCCESS,3,3,0.11,137.52,137.63
43,SUCCESS,3,3,0.11,137.63,137.74
46,SUCCESS,3,3,0.11,137.74,137.85
48,SUCCESS,3,3,0.11,137.85,137.96
53,SUCCESS,3,3,68.58,137.96,206.54
71,SUCCESS,3,3,0.12,206.54,206.66
77,SUCCESS,3,3,0.13,206.66,206.79
84,SUCCESS,3,3,0.12,206.79,206.91
85,SUCCESS,3,3,0.11,206.91,207.02
93,SUCCESS,3,3,0.12,207.02,207.14
95,SUCCESS,3,3,0.13,207.14,207.27
101,SUCCESS,3,3,0.12,207.27,207.39
102,SUCCESS,3,3,0.12,207.39,207.51
104,SUCCESS,3,3,0.12,207.51,207.63
112,SUCCESS,3,3,0.11,207.63,207.74
116,SUCCESS,3,3,0.12,207.74,207.86
117,SUCCESS,3,3,0.12,207.86,207.98
121,SUCCESS,3,3,0.12,207.98,208.1
126,SUCCESS,3,3,0.12,208.1,208.22
128,SUCCESS,3,3,0.12,208.22,208.33
134,SUCCESS,3,3,0.11,208.33,208.45
139,SUCCESS,3,3,0.12,208.45,208.57
142,SUCCESS,3,3,0.11,208.57,208.68
144,SUCCESS,3,3,0.11,208.68,208.8
153,SUCCESS,3,3,0.12,208.8,208.92
168,SUCCESS,3,3,0.11,208.92,209.03
177,SUCCESS,3,3,0.12,209.03,209.15
183,SUCCESS,3,3,0.14,209.15,209.29
189,SUCCESS,3,3,0.12,209.29,209.41
190,SUCCESS,3,3,0.12,209.41,209.53
195,SUCCESS,3,3,0.12,209.53,209.65
198,SUCCESS,3,3,0.11,209.65,209.76
52,SUCCESS,2,0,164.8,55.27,220.07
56,SUCCESS,2,0,0.74,220.07,220.81
57,SUCCESS,2,0,30.12,220.81,250.92
70,SUCCESS,2,0,0.33,250.92,251.25
78,SUCCESS,2,0,1.75,251.25,253
83,SUCCESS,2,0,0.36,253,253.36
100,SUCCESS,2,0,0.34,253.36,253.7
105,SUCCESS,2,0,0.36,253.7,254.06
120,SUCCESS,2,0,0.32,254.06,254.38
136,SUCCESS,2,0,0.32,254.38,254.71
151,SUCCESS,2,0,0.34,254.71,255.04
152,SUCCESS,2,0,0.32,255.04,255.36
159,SUCCESS,2,0,0.34,255.36,255.7
166,SUCCESS,2,0,0.32,255.7,256.02
171,SUCCESS,2,0,0.34,256.02,256.36
184,SUCCESS,2,0,0.32,256.36,256.68
185,SUCCESS,2,0,0.34,256.68,257.02